0,1,3,0,0,1 $ 18446744073692774232 18446744073692774239
1,1,1,0,0,1 $ 18446744073692774224 18446744073692774231
2,1,1,0,0,1 $ 18446744073692774216 18446744073692774223
3,1,2,0,0,1 $ 18446744073692774208 18446744073692774215
4,1,1,0,0,1 $ 18446744073692774200 18446744073692774207
5,1,1,0,0,1 $ 18446744073692774192 18446744073692774199
6,1,1,0,0,1 $ 18446744073692774184 18446744073692774191
7,1,1,0,0,1 $ 18446744073692774176 18446744073692774183
8,1,2,0,0,1 $ 18446744073692774056 18446744073692774063
9,1,2,0,0,1 $ 18446744073692774044 18446744073692774047
10,1,1,0,0,1 $ 18446744073692774048 18446744073692774055
11,1,4,0,0,1 $ 7272608 7272611
12,1,1,0,1,0 * 68702699164 68702699167
13,1,2,0,1,0 * 68702699168 68702699175
14,1,1,0,1,0 * 68702699344 68702699351
15,1,3,0,0,1 $ 7266184 7266191
16,1,0,0,0,1 $ 7293592 7293599
17,1,316,0,0,1 $ 18446744073692774024 18446744073692774031
18,1,1,0,0,1 $ 7300712 7300719
19,1,4,0,0,1 $ 18446744073692774016 18446744073692774023
20,1,2,0,0,1 $ 18446744073692774008 18446744073692774015
21,1,2,0,0,1 $ 18446744073692774000 18446744073692774007
22,1,2,0,0,1 $ 18446744073692773992 18446744073692773999
23,1,1,0,0,1 $ 18446744073692773984 18446744073692773991
24,1,1,0,0,1 $ 18446744073692773976 18446744073692773983
25,1,3,0,0,1 $ 18446744073692773968 18446744073692773975
26,1,199,0,0,1 $ 18446744073692773968 18446744073692773975
27,1,25,0,1,0 * 68702699088 68702699095
28,1,2,0,0,1 $ 7271184 7271191
29,1,1,0,0,1 $ 7300776 7300779
30,1,0,0,0,1 $ 7300752 7300759
31,1,0,0,0,1 $ 7300808 7300815
32,1,0,0,0,1 $ 7296624 7296631
33,1,0,0,0,1 $ 7296608 7296615
34,1,0,0,0,1 $ 7271168 7271169
35,1,0,0,0,1 $ 7300784 7300791
36,1,1,0,0,1 $ 7266200 7266203
37,1,1,0,0,1 $ 7300856 7300859
38,1,0,0,0,1 $ 7266176 7266183
39,1,5,0,1,0 * 68702699096 68702699103
40,1,1,0,1,0 * 68702699104 68702699111
41,1,1,0,1,0 * 68702699112 68702699119
42,1,1,0,1,0 * 68702699120 68702699127
43,1,1,0,1,0 * 68702699128 68702699135
44,1,1,0,1,0 * 68702699136 68702699143
45,1,1,0,1,0 * 68702699144 68702699151
46,1,2,0,1,0 * 7300752 7300759
47,1,3,0,1,0 * 7272608 7272611
48,1,8,0,0,1 $ 18446744073692774024 18446744073692774031
49,1,2,0,0,1 $ 18446744073692774016 18446744073692774023
50,1,1,0,0,1 $ 18446744073692774008 18446744073692774015
51,1,3,0,0,1 $ 18446744073692773528 18446744073692773535
52,1,4,0,1,0 * 68702698648 68702698655
53,1,190,0,1,0 * 68702699128 68702699135
54,1,1,0,1,0 * 68702699136 68702699143
55,1,1,0,1,0 * 68702699144 68702699151
56,1,15,0,0,1 $ 7300840 7300843
57,1,18,0,0,1 $ 18446744073692774024 18446744073692774031
58,1,8,0,0,1 $ 18446744073692774016 18446744073692774023
59,1,2,0,0,1 $ 18446744073692774008 18446744073692774015
60,1,3,0,0,1 $ 7299268 7299271
61,1,22,0,0,1 $ 7299284 7299287
62,1,38,0,0,1 $ 7299272 7299275
63,1,1,0,0,1 $ 7299276 7299279
64,1,1,0,0,1 $ 7299280 7299283
65,1,58,0,0,1 $ 7299328 7299331
66,1,1,0,1,0 * 7299268 7299271
67,1,7,0,0,1 $ 7299288 7299291
68,1,1,0,0,1 $ 7299292 7299295
69,1,1,0,0,1 $ 7299296 7299299
70,1,1,0,0,1 $ 7299300 7299303
71,1,0,0,1,0 * 7299280 7299283
72,1,20,0,1,0 * 7299328 7299331
73,1,1,0,0,1 $ 7299328 7299331
74,1,57,0,0,1 $ 7299320 7299323
75,1,1,0,0,1 $ 7299324 7299327
76,1,1,0,0,1 $ 7299264 7299267
77,1,0,0,1,0 * 68702699128 68702699135
78,1,1,0,1,0 * 68702699136 68702699143
79,1,2,0,1,0 * 7299328 7299331
80,1,6,0,1,0 * 68702699144 68702699151
81,1,3,0,0,1 $ 7266416 7266423
82,1,12,0,0,1 $ 18446744073692774024 18446744073692774031
83,1,1,0,1,0 * 7299264 7299267
84,1,6,0,1,0 * 7299272 7299275
85,1,6,0,1,0 * 7299280 7299283
86,1,6,0,1,0 * 68702699144 68702699151
87,1,3,0,0,1 $ 7266408 7266415
88,1,12,0,0,1 $ 18446744073692774024 18446744073692774031
89,1,1,0,1,0 * 7299264 7299267
90,1,6,0,1,0 * 7299272 7299275
91,1,6,0,1,0 * 7299280 7299283
92,1,6,0,1,0 * 68702699144 68702699151
93,1,3,0,0,1 $ 7266400 7266407
94,1,12,0,0,1 $ 18446744073692774024 18446744073692774031
95,1,1,0,1,0 * 7299264 7299267
96,1,6,0,1,0 * 7299272 7299275
97,1,6,0,1,0 * 7299280 7299283
98,1,6,0,1,0 * 68702699144 68702699151
99,1,3,0,0,1 $ 7266392 7266399
100,1,12,0,0,1 $ 18446744073692774024 18446744073692774031
101,1,1,0,1,0 * 7299264 7299267
102,1,6,0,1,0 * 7299280 7299283
103,1,6,0,1,0 * 7299280 7299283
104,1,6,0,1,0 * 68702699144 68702699151
105,1,3,0,0,1 $ 7266384 7266391
106,1,12,0,0,1 $ 18446744073692774024 18446744073692774031
107,1,1,0,1,0 * 7299264 7299267
108,1,6,0,1,0 * 7299328 7299331
109,1,6,0,1,0 * 68702699144 68702699151
110,1,3,0,0,1 $ 7266376 7266383
111,1,12,0,0,1 $ 18446744073692774024 18446744073692774031
112,1,3,0,0,1 $ 18446744073692774008 18446744073692774015
113,1,1,0,1,0 * 7299264 7299267
114,1,7,0,1,0 * 68702699128 68702699135
115,1,3,0,1,0 * 7299328 7299331
116,1,15,0,1,0 * 68702699144 68702699151
117,1,3,0,0,1 $ 7266368 7266375
118,1,12,0,0,1 $ 18446744073692774024 18446744073692774031
119,1,2,0,1,0 * 7299264 7299267
120,1,7,0,1,0 * 7299328 7299328
121,1,7,0,1,0 * 68702699144 68702699151
122,1,3,0,0,1 $ 7266360 7266367
123,1,12,0,0,1 $ 18446744073692774024 18446744073692774031
124,1,3,0,0,1 $ 18446744073692774008 18446744073692774015
125,1,1,0,1,0 * 7299264 7299267
126,1,7,0,1,0 * 68702699128 68702699135
127,1,3,0,1,0 * 7299328 7299331
128,1,15,0,1,0 * 68702699144 68702699151
129,1,3,0,0,1 $ 7266352 7266359
130,1,12,0,0,1 $ 18446744073692774024 18446744073692774031
131,1,2,0,1,0 * 7299264 7299267
132,1,7,0,1,0 * 7299281 7299281
133,1,6,0,1,0 * 7299328 7299328
134,1,7,0,1,0 * 68702699144 68702699151
135,1,3,0,0,1 $ 7266344 7266351
136,1,12,0,0,1 $ 18446744073692774024 18446744073692774031
137,1,1,0,1,0 * 7299264 7299267
138,1,6,0,1,0 * 7299328 7299331
139,1,6,0,1,0 * 68702699144 68702699151
140,1,3,0,0,1 $ 7266336 7266343
141,1,12,0,0,1 $ 18446744073692774024 18446744073692774031
142,1,1,0,1,0 * 7299264 7299267
143,1,6,0,1,0 * 7299328 7299331
144,1,6,0,1,0 * 68702699144 68702699151
145,1,3,0,0,1 $ 7266328 7266335
146,1,4,0,0,1 $ 18446744073692774024 18446744073692774031
147,1,2,0,0,1 $ 18446744073692774016 18446744073692774023
148,1,2,0,0,1 $ 18446744073692773816 18446744073692773823
149,1,2,0,0,1 $ 18446744073692773808 18446744073692773815
150,1,1,0,0,1 $ 18446744073692773800 18446744073692773807
151,1,1,0,0,1 $ 18446744073692773792 18446744073692773799
152,1,1,0,0,1 $ 18446744073692773784 18446744073692773791
153,1,1,0,0,1 $ 18446744073692773776 18446744073692773783
154,1,1,0,0,1 $ 18446744073692773768 18446744073692773775
155,1,1,0,1,0 * 7300752 7300759
156,1,3,0,1,0 * 7300808 7300815
157,1,61,0,0,1 $ 18446744073692773736 18446744073692773743
158,1,2,0,0,1 $ 18446744073692773728 18446744073692773735
159,1,1,0,0,1 $ 18446744073692773720 18446744073692773727
160,1,5,0,0,1 $ 18446744073692773704 18446744073692773711
161,1,4,0,0,1 $ 7297568 7297575
162,1,3,0,1,0 * 68702698824 68702698831
163,1,4,0,1,0 * 7297568 7297575
164,1,10,0,0,1 $ 18446744073692773704 18446744073692773711
165,1,4,0,0,1 $ 7297568 7297575
166,1,3,0,1,0 * 68702698824 68702698831
167,1,8,0,1,0 * 68702698840 68702698847
168,1,1,0,1,0 * 68702698848 68702698855
169,1,1,0,1,0 * 68702698856 68702698863
170,1,4,0,0,1 $ 7299520 7299527
171,1,14,0,0,1 $ 7272512 7272519
172,1,1,0,0,1 $ 18446744073692773752 18446744073692773759
173,1,0,0,0,1 $ 7299552 7299559
174,1,0,0,0,1 $ 18446744073692773744 18446744073692773751
175,1,0,0,0,1 $ 7299560 7299560
176,1,1,0,0,1 $ 18446744073692773736 18446744073692773743
177,1,5,0,0,1 $ 18446744073692773728 18446744073692773735
178,1,29,0,0,1 $ 67110944 67110951
179,1,1,0,0,1 $ 67110952 67110959
180,1,1,0,0,1 $ 67110960 67110967
181,1,1,0,0,1 $ 67110968 67110975
182,1,11,0,1,0 * 68702698848 68702698855
183,1,28,0,0,1 $ 67110976 67110983
184,1,10,0,1,0 * 68702698856 68702698863
185,1,3,0,1,0 * 68702698872 68702698879
186,1,2,0,0,1 $ 67111048 67111055
187,1,0,0,0,1 $ 67111040 67111047
188,1,1,0,0,1 $ 67111056 67111063
189,1,2,0,1,0 * 68702698864 68702698871
190,1,5,0,0,1 $ 7272496 7272503
191,1,1,0,0,1 $ 7272488 7272495
192,1,1,0,0,1 $ 7272472 7272479
193,1,1,0,0,1 $ 7272480 7272487
194,1,1,0,0,1 $ 7272520 7272527
195,1,0,0,0,1 $ 7290464 7290471
196,1,0,0,0,1 $ 7299504 7299511
197,1,0,0,0,1 $ 7300544 7300551
198,1,0,0,0,1 $ 7290504 7290511
199,1,8,0,0,1 $ 7300568 7300575
200,1,3,0,0,1 $ 7299488 7299495
201,1,5,0,0,1 $ 7266592 7266599
202,1,0,0,0,1 $ 7299496 7299503
203,1,1,0,1,0 * 68702698888 68702698895
204,1,1,0,1,0 * 68702698896 68702698903
205,1,1,0,1,0 * 68702698904 68702698911
206,1,1,0,1,0 * 68702698912 68702698919
207,1,1,0,1,0 * 68702698920 68702698927
208,1,1,0,1,0 * 68702698928 68702698935
209,1,1,0,1,0 * 68702698936 68702698943
210,1,3,0,1,0 * 67111056 67111063
211,1,3,0,0,1 $ 67111760 67111763
212,1,2,0,0,1 $ 67111764 67111767
213,1,2,0,0,1 $ 67112336 67112343
214,1,1,0,0,1 $ 67112594 67112594
215,1,1,0,0,1 $ 67112608 67112615
216,1,2,0,0,1 $ 67111784 67111791
217,1,1,0,0,1 $ 67111768 67111775
218,1,1,0,0,1 $ 67111776 67111783
219,1,1,0,0,1 $ 18446744073692773856 18446744073692773859
220,1,5,0,0,1 $ 18446744073692773856 18446744073692773859
221,1,12,0,0,1 $ 7299368 7299371
222,1,0,0,1,0 * 7266184 7266191
223,1,1,0,0,1 $ 67112728 67112735
224,1,1,0,0,1 $ 7273952 7273959
225,1,1,0,0,1 $ 67111744 67111751
226,1,1,0,0,1 $ 67111752 67111759
227,1,0,0,0,1 $ 7273960 7273967
228,1,0,0,0,1 $ 7273952 7273959
229,1,3,0,0,1 $ 67112593 67112593
230,1,2,0,0,1 $ 18446744073692773856 18446744073692773863
231,1,1,0,0,1 $ 18446744073692773992 18446744073692773995
232,1,2,0,0,1 $ 18446744073692773864 18446744073692773871
233,1,4,0,0,1 $ 18446744073692773872 18446744073692773879
234,1,4,0,0,1 $ 18446744073692773880 18446744073692773887
235,1,4,0,0,1 $ 18446744073692773888 18446744073692773895
236,1,4,0,0,1 $ 18446744073692773896 18446744073692773903
237,1,4,0,0,1 $ 18446744073692773904 18446744073692773911
238,1,4,0,0,1 $ 18446744073692773912 18446744073692773919
239,1,4,0,0,1 $ 18446744073692773920 18446744073692773927
240,1,4,0,0,1 $ 18446744073692773928 18446744073692773935
241,1,4,0,0,1 $ 18446744073692773936 18446744073692773943
242,1,4,0,0,1 $ 18446744073692773944 18446744073692773951
243,1,4,0,0,1 $ 18446744073692773952 18446744073692773959
244,1,4,0,0,1 $ 18446744073692773960 18446744073692773967
245,1,4,0,0,1 $ 18446744073692773968 18446744073692773975
246,1,4,0,0,1 $ 18446744073692773976 18446744073692773983
247,1,4,0,0,1 $ 18446744073692773984 18446744073692773991
248,1,3,0,0,1 $ 18446744073692773816 18446744073692773823
249,1,6,0,1,0 * 68702698984 68702698991
250,1,0,0,1,0 * 68702698976 68702698979
251,1,0,0,1,0 * 68702698980 68702698983
252,1,1,0,0,1 $ 18446744073692773512 18446744073692773519
253,1,1,0,1,0 * 68702698992 68702698999
254,1,1,0,0,1 $ 18446744073692773488 18446744073692773495
255,1,1,0,1,0 * 68702699104 68702699111
256,1,1,0,0,1 $ 18446744073692773520 18446744073692773527
257,1,1,0,1,0 * 68702699000 68702699007
258,1,1,0,0,1 $ 18446744073692773528 18446744073692773535
259,1,1,0,1,0 * 68702699008 68702699015
260,1,1,0,0,1 $ 18446744073692773536 18446744073692773543
261,1,1,0,1,0 * 68702699016 68702699023
262,1,1,0,0,1 $ 18446744073692773544 18446744073692773551
263,1,1,0,1,0 * 68702699024 68702699031
264,1,1,0,0,1 $ 18446744073692773552 18446744073692773559
265,1,1,0,1,0 * 68702699032 68702699039
266,1,1,0,0,1 $ 18446744073692773560 18446744073692773567
267,1,1,0,1,0 * 68702699040 68702699047
268,1,1,0,0,1 $ 18446744073692773568 18446744073692773575
269,1,1,0,1,0 * 68702699048 68702699055
270,1,1,0,0,1 $ 18446744073692773576 18446744073692773583
271,1,1,0,1,0 * 68702699056 68702699063
272,1,1,0,0,1 $ 18446744073692773584 18446744073692773591
273,1,1,0,1,0 * 68702699064 68702699071
274,1,1,0,0,1 $ 18446744073692773592 18446744073692773599
275,1,1,0,1,0 * 68702699072 68702699079
276,1,1,0,0,1 $ 18446744073692773600 18446744073692773607
277,1,1,0,1,0 * 68702699080 68702699087
278,1,0,0,0,1 $ 18446744073692773608 18446744073692773615
279,1,1,0,1,0 * 68702699088 68702699095
280,1,1,0,0,1 $ 18446744073692773616 18446744073692773623
281,1,1,0,1,0 * 68702699096 68702699103
282,1,1,0,0,1 $ 18446744073692773624 18446744073692773631
283,1,1,0,0,1 $ 18446744073692773632 18446744073692773639
284,1,1,0,1,0 * 68702699112 68702699115
285,1,2,0,0,1 $ 18446744073692773504 18446744073692773511
286,1,6,0,0,1 $ 18446744073692773496 18446744073692773503
287,1,22,0,1,0 * 68702698936 68702698943
288,1,4,0,0,1 $ 18446744073692773856 18446744073692773863
289,1,1,0,0,1 $ 18446744073692773992 18446744073692773995
290,1,1,0,0,1 $ 18446744073692773816 18446744073692773823
291,1,6,0,1,0 * 68702698984 68702698991
292,1,0,0,1,0 * 68702698976 68702698979
293,1,0,0,1,0 * 68702698980 68702698983
294,1,1,0,0,1 $ 18446744073692773512 18446744073692773519
295,1,1,0,1,0 * 68702698992 68702698999
296,1,1,0,0,1 $ 18446744073692773488 18446744073692773495
297,1,1,0,1,0 * 68702699104 68702699111
298,1,1,0,0,1 $ 18446744073692773520 18446744073692773527
299,1,1,0,1,0 * 68702699000 68702699007
300,1,1,0,0,1 $ 18446744073692773528 18446744073692773535
301,1,1,0,1,0 * 68702699008 68702699015
302,1,1,0,0,1 $ 18446744073692773536 18446744073692773543
303,1,1,0,1,0 * 68702699016 68702699023
304,1,1,0,0,1 $ 18446744073692773544 18446744073692773551
305,1,1,0,1,0 * 68702699024 68702699031
306,1,1,0,0,1 $ 18446744073692773552 18446744073692773559
307,1,1,0,1,0 * 68702699032 68702699039
308,1,1,0,0,1 $ 18446744073692773560 18446744073692773567
309,1,1,0,1,0 * 68702699040 68702699047
310,1,1,0,0,1 $ 18446744073692773568 18446744073692773575
311,1,1,0,1,0 * 68702699048 68702699055
312,1,1,0,0,1 $ 18446744073692773576 18446744073692773583
313,1,1,0,1,0 * 68702699056 68702699063
314,1,1,0,0,1 $ 18446744073692773584 18446744073692773591
315,1,1,0,1,0 * 68702699064 68702699071
316,1,1,0,0,1 $ 18446744073692773592 18446744073692773599
317,1,1,0,1,0 * 68702699072 68702699079
318,1,1,0,0,1 $ 18446744073692773600 18446744073692773607
319,1,1,0,1,0 * 68702699080 68702699087
320,1,0,0,0,1 $ 18446744073692773608 18446744073692773615
321,1,1,0,1,0 * 68702699088 68702699095
322,1,1,0,0,1 $ 18446744073692773616 18446744073692773623
323,1,1,0,1,0 * 68702699096 68702699103
324,1,1,0,0,1 $ 18446744073692773624 18446744073692773631
325,1,1,0,0,1 $ 18446744073692773632 18446744073692773639
326,1,1,0,1,0 * 68702699112 68702699115
327,1,2,0,0,1 $ 18446744073692773504 18446744073692773511
328,1,6,0,0,1 $ 18446744073692773496 18446744073692773503
329,1,22,0,1,0 * 68702698936 68702698943
330,1,3,0,1,0 * 68702698984 68702698991
331,1,1,0,0,1 $ 18446744073692773864 18446744073692773871
332,1,1,0,0,1 $ 18446744073692773816 18446744073692773823
333,1,1,0,1,0 * 7266592 7266599
334,1,0,0,0,1 $ 7299352 7299359
335,1,0,0,1,0 * 7299496 7299503
336,1,0,0,0,1 $ 18446744073692773824 18446744073692773831
337,1,0,0,1,0 * 68702698936 68702698943
338,1,2,0,1,0 * 68702698944 68702698951
339,1,4,0,0,1 $ 7299344 7299351
340,1,0,0,1,0 * 7299352 7299359
341,1,8,0,0,1 $ 7299352 7299359
342,1,1,0,0,1 $ 18446744073692773816 18446744073692773823
343,1,4,0,1,0 * 68702698936 68702698943
344,1,15,0,1,0 * 7271184 7271191
345,1,0,0,1,0 * 7299352 7299359
346,1,10,0,0,1 $ 18446744073692773840 18446744073692773847
347,1,0,0,0,1 $ 7290432 7290435
348,1,13,0,1,0 * 68702698960 68702698967
349,1,0,0,0,1 $ 7299456 7299463
350,1,0,0,1,0 * 7271184 7271191
351,1,0,0,0,1 $ 7299440 7299447
352,1,0,0,1,0 * 7290432 7290435
353,1,1,0,0,1 $ 7290432 7290435
354,1,6,0,0,1 $ 7271192 7271199
355,1,0,0,0,1 $ 7300680 7300687
356,1,1,0,0,1 $ 18446744073692773816 18446744073692773823
357,1,2,0,0,1 $ 7301064 7301071
358,1,1,0,0,1 $ 18446744073692773800 18446744073692773807
359,1,2,0,0,1 $ 18446744073692773792 18446744073692773799
360,1,1,0,0,1 $ 18446744073692773784 18446744073692773791
361,1,1,0,0,1 $ 18446744073692773776 18446744073692773783
362,1,17,0,0,1 $ 7293632 7293635
363,1,18,0,0,1 $ 7293712 7293715
364,1,1,0,0,1 $ 7293716 7293719
365,1,1,0,0,1 $ 7293680 7293687
366,1,1,0,0,1 $ 7293688 7293695
367,1,1,0,0,1 $ 7293696 7293703
368,1,1,0,0,1 $ 7293704 7293711
369,1,0,0,0,1 $ 7293672 7293679
370,1,10,0,0,1 $ 7301072 7301079
371,1,9,0,1,0 * 7293632 7293635
372,1,1,0,0,1 $ 7293632 7293635
373,1,12,0,1,0 * 68702698896 68702698903
374,1,1,0,1,0 * 68702698904 68702698911
375,1,5,0,1,0 * 68702698912 68702698919
376,1,1,0,1,0 * 68702698920 68702698927
377,1,3,0,1,0 * 68702698936 68702698943
378,1,2,0,0,1 $ 7299392 7299395
379,1,0,0,0,1 $ 7299232 7299239
380,1,1,0,1,0 * 68702699136 68702699143
381,1,1,0,1,0 * 68702699144 68702699151
382,1,2,0,1,0 * 7266176 7266183
383,1,4,0,0,1 $ 18446744073692774064 18446744073692774071
384,1,1,0,0,1 $ 67111080 67111087
385,1,5,0,0,1 $ 67111088 67111095
386,1,3,0,1,0 * 7293592 7293599
387,1,1,0,1,0 * 68702699168 68702699175
388,1,1,0,1,0 * 68702699164 68702699167
389,1,2,0,0,1 $ 18446744073692774024 18446744073692774031
390,1,2,0,0,1 $ 18446744073692774016 18446744073692774023
391,1,1,0,0,1 $ 18446744073692774008 18446744073692774015
392,1,1,0,0,1 $ 18446744073692774000 18446744073692774007
393,1,7,0,0,1 $ 7272608 7272611
394,1,0,0,1,0 * 7271168 7271169
395,1,8,0,0,1 $ 7300864 7300867
396,1,0,0,0,1 $ 7300872 7300879
397,1,0,0,0,1 $ 7293592 7293599
398,1,1,0,0,1 $ 18446744073692773992 18446744073692773999
399,1,1,0,1,0 * 7300856 7300859
400,1,7,0,1,0 * 68702699112 68702699119
401,1,3,0,0,1 $ 18446744073692773992 18446744073692773999
402,1,2,0,0,1 $ 18446744073692773984 18446744073692773991
403,1,1,0,0,1 $ 18446744073692773976 18446744073692773983
404,1,1,0,0,1 $ 18446744073692773968 18446744073692773975
405,1,1,0,0,1 $ 18446744073692773960 18446744073692773967
406,1,2,0,0,1 $ 18446744073692773928 18446744073692773935
407,1,2,0,0,1 $ 18446744073692773920 18446744073692773927
408,1,1,0,0,1 $ 18446744073692773912 18446744073692773919
409,1,1,0,0,1 $ 18446744073692773904 18446744073692773911
410,1,114,0,0,1 $ 18446744073692769800 18446744073692769807
411,1,2,0,0,1 $ 7268512 7268519
412,1,7,0,0,1 $ 18446744073692769784 18446744073692769791
413,1,1,0,0,1 $ 18446744073692769768 18446744073692769775
414,1,2,0,0,1 $ 18446744073692769760 18446744073692769767
415,1,1,0,0,1 $ 18446744073692769752 18446744073692769759
416,1,1,0,0,1 $ 18446744073692769744 18446744073692769751
417,1,1,0,0,1 $ 18446744073692769736 18446744073692769743
418,1,1,0,0,1 $ 7268432 7268435
419,1,0,0,0,1 $ 7293352 7293359
420,1,0,0,0,1 $ 7293360 7293367
421,1,0,0,0,1 $ 7293368 7293375
422,1,1,0,0,1 $ 67111024 67111031
423,1,3,0,0,1 $ 7293376 7293383
424,1,0,0,0,1 $ 7293384 7293387
425,1,1,0,0,1 $ 18446744073692769720 18446744073692769727
426,1,1,0,1,0 * 7301072 7301079
427,1,0,0,0,1 $ 7293344 7293351
428,1,7,0,1,0 * 7301072 7301079
429,1,3,0,0,1 $ 7301072 7301079
430,1,3,0,1,0 * 68702694840 68702694847
431,1,2,0,1,0 * 7293592 7293599
432,1,646,0,0,1 $ 7268432 7268435
433,1,1,0,1,0 * 68702694856 68702694863
434,1,1,0,1,0 * 68702694864 68702694871
435,1,1,0,1,0 * 68702694872 68702694879
436,1,1,0,1,0 * 68702694880 68702694887
437,1,1,0,1,0 * 68702694888 68702694895
438,1,3,0,1,0 * 68702694904 68702694911
439,1,2,0,0,1 $ 18446744073692769760 18446744073692769767
440,1,1,0,0,1 $ 18446744073692769752 18446744073692769759
441,1,1,0,0,1 $ 18446744073692769744 18446744073692769751
442,1,1,0,0,1 $ 18446744073692769736 18446744073692769743
443,1,1,0,0,1 $ 18446744073692769728 18446744073692769735
444,1,1,0,0,1 $ 18446744073692769720 18446744073692769727
445,1,2,0,0,1 $ 18446744073692769560 18446744073692769567
446,1,37,0,0,1 $ 18446744073692769568 18446744073692769571
447,1,1,0,0,1 $ 18446744073692769544 18446744073692769551
448,1,2,0,0,1 $ 18446744073692769536 18446744073692769543
449,1,1,0,0,1 $ 18446744073692769528 18446744073692769535
450,1,1,0,0,1 $ 18446744073692769520 18446744073692769527
451,1,1,0,0,1 $ 18446744073692769512 18446744073692769519
452,1,1,0,0,1 $ 18446744073692769504 18446744073692769511
453,1,1,0,0,1 $ 18446744073692769496 18446744073692769503
454,1,6,0,0,1 $ 7268752 7268759
455,1,1,0,0,1 $ 7268744 7268751
456,1,10,0,0,1 $ 7268768 7268775
457,1,1,0,0,1 $ 7268760 7268767
458,1,12,0,0,1 $ 7268784 7268791
459,1,1,0,0,1 $ 7268776 7268783
460,1,12,0,0,1 $ 7268800 7268807
461,1,1,0,0,1 $ 7268792 7268799
462,1,12,0,0,1 $ 7268816 7268823
463,1,1,0,0,1 $ 7268808 7268815
464,1,12,0,0,1 $ 7268832 7268839
465,1,1,0,0,1 $ 7268824 7268831
466,1,12,0,0,1 $ 7268848 7268855
467,1,1,0,0,1 $ 7268840 7268847
468,1,12,0,0,1 $ 7268864 7268871
469,1,1,0,0,1 $ 7268856 7268863
470,1,12,0,0,1 $ 7268880 7268887
471,1,1,0,0,1 $ 7268872 7268879
472,1,12,0,0,1 $ 7268896 7268903
473,1,1,0,0,1 $ 7268888 7268895
474,1,12,0,0,1 $ 7268912 7268919
475,1,1,0,0,1 $ 7268904 7268911
476,1,12,0,0,1 $ 7268928 7268935
477,1,1,0,0,1 $ 7268920 7268927
478,1,12,0,0,1 $ 7268944 7268951
479,1,1,0,0,1 $ 7268936 7268943
480,1,12,0,0,1 $ 7268960 7268967
481,1,1,0,0,1 $ 7268952 7268959
482,1,12,0,0,1 $ 7268976 7268983
483,1,1,0,0,1 $ 7268968 7268975
484,1,12,0,0,1 $ 7268992 7268999
485,1,1,0,0,1 $ 7268984 7268991
486,1,12,0,0,1 $ 7269008 7269015
487,1,1,0,0,1 $ 7269000 7269007
488,1,12,0,0,1 $ 7269024 7269031
489,1,1,0,0,1 $ 7269016 7269023
490,1,12,0,0,1 $ 7269040 7269047
491,1,1,0,0,1 $ 7269032 7269039
492,1,12,0,0,1 $ 7269056 7269063
493,1,1,0,0,1 $ 7269048 7269055
494,1,12,0,0,1 $ 7269072 7269079
495,1,1,0,0,1 $ 7269064 7269071
496,1,12,0,0,1 $ 7269088 7269095
497,1,1,0,0,1 $ 7269080 7269087
498,1,12,0,0,1 $ 7269104 7269111
499,1,1,0,0,1 $ 7269096 7269103
500,1,12,0,0,1 $ 7269120 7269127
501,1,1,0,0,1 $ 7269112 7269119
502,1,12,0,0,1 $ 7269136 7269143
503,1,1,0,0,1 $ 7269128 7269135
504,1,12,0,0,1 $ 7269152 7269159
505,1,1,0,0,1 $ 7269144 7269151
506,1,12,0,0,1 $ 7269168 7269175
507,1,1,0,0,1 $ 7269160 7269167
508,1,12,0,0,1 $ 7269184 7269191
509,1,1,0,0,1 $ 7269176 7269183
510,1,12,0,0,1 $ 7269200 7269207
511,1,1,0,0,1 $ 7269192 7269199
512,1,12,0,0,1 $ 7269216 7269223
513,1,1,0,0,1 $ 7269208 7269215
514,1,12,0,0,1 $ 7269232 7269239
515,1,1,0,0,1 $ 7269224 7269231
516,1,12,0,0,1 $ 7269248 7269255
517,1,1,0,0,1 $ 7269240 7269247
518,1,12,0,0,1 $ 7269264 7269271
519,1,1,0,0,1 $ 7269256 7269263
520,1,12,0,0,1 $ 7269280 7269287
521,1,1,0,0,1 $ 7269272 7269279
522,1,12,0,0,1 $ 7269296 7269303
523,1,1,0,0,1 $ 7269288 7269295
524,1,12,0,0,1 $ 7269312 7269319
525,1,1,0,0,1 $ 7269304 7269311
526,1,12,0,0,1 $ 7269328 7269335
527,1,1,0,0,1 $ 7269320 7269327
528,1,12,0,0,1 $ 7269344 7269351
529,1,1,0,0,1 $ 7269336 7269343
530,1,12,0,0,1 $ 7269360 7269367
531,1,1,0,0,1 $ 7269352 7269359
532,1,12,0,0,1 $ 7269376 7269383
533,1,1,0,0,1 $ 7269368 7269375
534,1,12,0,0,1 $ 7269392 7269399
535,1,1,0,0,1 $ 7269384 7269391
536,1,12,0,0,1 $ 7269408 7269415
537,1,1,0,0,1 $ 7269400 7269407
538,1,12,0,0,1 $ 7269424 7269431
539,1,1,0,0,1 $ 7269416 7269423
540,1,12,0,0,1 $ 7269440 7269447
541,1,1,0,0,1 $ 7269432 7269439
542,1,12,0,0,1 $ 7269456 7269463
543,1,1,0,0,1 $ 7269448 7269455
544,1,12,0,0,1 $ 7269472 7269479
545,1,1,0,0,1 $ 7269464 7269471
546,1,12,0,0,1 $ 7269488 7269495
547,1,1,0,0,1 $ 7269480 7269487
548,1,12,0,0,1 $ 7269504 7269511
549,1,1,0,0,1 $ 7269496 7269503
550,1,12,0,0,1 $ 7269520 7269527
551,1,1,0,0,1 $ 7269512 7269519
552,1,12,0,0,1 $ 7269536 7269543
553,1,1,0,0,1 $ 7269528 7269535
554,1,12,0,0,1 $ 7269552 7269559
555,1,1,0,0,1 $ 7269544 7269551
556,1,12,0,0,1 $ 7269568 7269575
557,1,1,0,0,1 $ 7269560 7269567
558,1,12,0,0,1 $ 7269584 7269591
559,1,1,0,0,1 $ 7269576 7269583
560,1,12,0,0,1 $ 7269600 7269607
561,1,1,0,0,1 $ 7269592 7269599
562,1,12,0,0,1 $ 7269616 7269623
563,1,1,0,0,1 $ 7269608 7269615
564,1,12,0,0,1 $ 7269632 7269639
565,1,1,0,0,1 $ 7269624 7269631
566,1,12,0,0,1 $ 7269648 7269655
567,1,1,0,0,1 $ 7269640 7269647
568,1,12,0,0,1 $ 7269664 7269671
569,1,1,0,0,1 $ 7269656 7269663
570,1,12,0,0,1 $ 7269680 7269687
571,1,1,0,0,1 $ 7269672 7269679
572,1,12,0,0,1 $ 7269696 7269703
573,1,1,0,0,1 $ 7269688 7269695
574,1,12,0,0,1 $ 7269712 7269719
575,1,1,0,0,1 $ 7269704 7269711
576,1,12,0,0,1 $ 7269728 7269735
577,1,1,0,0,1 $ 7269720 7269727
578,1,12,0,0,1 $ 7269744 7269751
579,1,1,0,0,1 $ 7269736 7269743
580,1,12,0,0,1 $ 7269760 7269767
581,1,1,0,0,1 $ 7269752 7269759
582,1,12,0,0,1 $ 7269776 7269783
583,1,1,0,0,1 $ 7269768 7269775
584,1,12,0,0,1 $ 7269792 7269799
585,1,1,0,0,1 $ 7269784 7269791
586,1,12,0,0,1 $ 7269808 7269815
587,1,1,0,0,1 $ 7269800 7269807
588,1,12,0,0,1 $ 7269824 7269831
589,1,1,0,0,1 $ 7269816 7269823
590,1,12,0,0,1 $ 7269840 7269847
591,1,1,0,0,1 $ 7269832 7269839
592,1,12,0,0,1 $ 7269856 7269863
593,1,1,0,0,1 $ 7269848 7269855
594,1,12,0,0,1 $ 7269872 7269879
595,1,1,0,0,1 $ 7269864 7269871
596,1,12,0,0,1 $ 7269888 7269895
597,1,1,0,0,1 $ 7269880 7269887
598,1,12,0,0,1 $ 7269904 7269911
599,1,1,0,0,1 $ 7269896 7269903
600,1,12,0,0,1 $ 7269920 7269927
601,1,1,0,0,1 $ 7269912 7269919
602,1,12,0,0,1 $ 7269936 7269943
603,1,1,0,0,1 $ 7269928 7269935
604,1,12,0,0,1 $ 7269952 7269959
605,1,1,0,0,1 $ 7269944 7269951
606,1,12,0,0,1 $ 7269968 7269975
607,1,1,0,0,1 $ 7269960 7269967
608,1,12,0,0,1 $ 7269984 7269991
609,1,1,0,0,1 $ 7269976 7269983
610,1,12,0,0,1 $ 7270000 7270007
611,1,1,0,0,1 $ 7269992 7269999
612,1,12,0,0,1 $ 7270016 7270023
613,1,1,0,0,1 $ 7270008 7270015
614,1,12,0,0,1 $ 7270032 7270039
615,1,1,0,0,1 $ 7270024 7270031
616,1,12,0,0,1 $ 7270048 7270055
617,1,1,0,0,1 $ 7270040 7270047
618,1,12,0,0,1 $ 7270064 7270071
619,1,1,0,0,1 $ 7270056 7270063
620,1,12,0,0,1 $ 7270080 7270087
621,1,1,0,0,1 $ 7270072 7270079
622,1,12,0,0,1 $ 7270096 7270103
623,1,1,0,0,1 $ 7270088 7270095
624,1,12,0,0,1 $ 7270112 7270119
625,1,1,0,0,1 $ 7270104 7270111
626,1,12,0,0,1 $ 7270128 7270135
627,1,1,0,0,1 $ 7270120 7270127
628,1,12,0,0,1 $ 7270144 7270151
629,1,1,0,0,1 $ 7270136 7270143
630,1,12,0,0,1 $ 7270160 7270167
631,1,1,0,0,1 $ 7270152 7270159
632,1,12,0,0,1 $ 7270176 7270183
633,1,1,0,0,1 $ 7270168 7270175
634,1,12,0,0,1 $ 7270192 7270199
635,1,1,0,0,1 $ 7270184 7270191
636,1,12,0,0,1 $ 7270208 7270215
637,1,1,0,0,1 $ 7270200 7270207
638,1,12,0,0,1 $ 7270224 7270231
639,1,1,0,0,1 $ 7270216 7270223
640,1,12,0,0,1 $ 7270240 7270247
641,1,1,0,0,1 $ 7270232 7270239
642,1,12,0,0,1 $ 7270256 7270263
643,1,1,0,0,1 $ 7270248 7270255
644,1,12,0,0,1 $ 7270272 7270279
645,1,1,0,0,1 $ 7270264 7270271
646,1,12,0,0,1 $ 7270288 7270295
647,1,1,0,0,1 $ 7270280 7270287
648,1,12,0,0,1 $ 7270304 7270311
649,1,1,0,0,1 $ 7270296 7270303
650,1,12,0,0,1 $ 7270320 7270327
651,1,1,0,0,1 $ 7270312 7270319
652,1,12,0,0,1 $ 7270336 7270343
653,1,1,0,0,1 $ 7270328 7270335
654,1,12,0,0,1 $ 7270352 7270359
655,1,1,0,0,1 $ 7270344 7270351
656,1,12,0,0,1 $ 7270368 7270375
657,1,1,0,0,1 $ 7270360 7270367
658,1,12,0,0,1 $ 7270384 7270391
659,1,1,0,0,1 $ 7270376 7270383
660,1,12,0,0,1 $ 7270400 7270407
661,1,1,0,0,1 $ 7270392 7270399
662,1,12,0,0,1 $ 7270416 7270423
663,1,1,0,0,1 $ 7270408 7270415
664,1,12,0,0,1 $ 7270432 7270439
665,1,1,0,0,1 $ 7270424 7270431
666,1,12,0,0,1 $ 7270448 7270455
667,1,1,0,0,1 $ 7270440 7270447
668,1,12,0,0,1 $ 7270464 7270471
669,1,1,0,0,1 $ 7270456 7270463
670,1,12,0,0,1 $ 7270480 7270487
671,1,1,0,0,1 $ 7270472 7270479
672,1,12,0,0,1 $ 7270496 7270503
673,1,1,0,0,1 $ 7270488 7270495
674,1,12,0,0,1 $ 7270512 7270519
675,1,1,0,0,1 $ 7270504 7270511
676,1,12,0,0,1 $ 7270528 7270535
677,1,1,0,0,1 $ 7270520 7270527
678,1,12,0,0,1 $ 7270544 7270551
679,1,1,0,0,1 $ 7270536 7270543
680,1,12,0,0,1 $ 7270560 7270567
681,1,1,0,0,1 $ 7270552 7270559
682,1,12,0,0,1 $ 7270576 7270583
683,1,1,0,0,1 $ 7270568 7270575
684,1,12,0,0,1 $ 7270592 7270599
685,1,1,0,0,1 $ 7270584 7270591
686,1,12,0,0,1 $ 7270608 7270615
687,1,1,0,0,1 $ 7270600 7270607
688,1,12,0,0,1 $ 7270624 7270631
689,1,1,0,0,1 $ 7270616 7270623
690,1,12,0,0,1 $ 7270640 7270647
691,1,1,0,0,1 $ 7270632 7270639
692,1,12,0,0,1 $ 7270656 7270663
693,1,1,0,0,1 $ 7270648 7270655
694,1,12,0,0,1 $ 7270672 7270679
695,1,1,0,0,1 $ 7270664 7270671
696,1,12,0,0,1 $ 7270688 7270695
697,1,1,0,0,1 $ 7270680 7270687
698,1,12,0,0,1 $ 7270704 7270711
699,1,1,0,0,1 $ 7270696 7270703
700,1,12,0,0,1 $ 7270720 7270727
701,1,1,0,0,1 $ 7270712 7270719
702,1,12,0,0,1 $ 7270736 7270743
703,1,1,0,0,1 $ 7270728 7270735
704,1,12,0,0,1 $ 7270752 7270759
705,1,1,0,0,1 $ 7270744 7270751
706,1,12,0,0,1 $ 7270768 7270775
707,1,1,0,0,1 $ 7270760 7270767
708,1,11,0,0,1 $ 7293504 7293511
709,1,5,0,0,1 $ 7268728 7268735
710,1,2,0,0,1 $ 7268644 7268647
711,1,1,0,1,0 * 68702694616 68702694623
712,1,1,0,1,0 * 68702694624 68702694631
713,1,1,0,1,0 * 68702694632 68702694639
714,1,1,0,1,0 * 68702694640 68702694647
715,1,1,0,1,0 * 68702694648 68702694655
716,1,1,0,1,0 * 68702694656 68702694663
717,1,1,0,1,0 * 68702694664 68702694671
718,1,3,0,1,0 * 68702694688 68702694691
719,1,4,0,0,1 $ 18446744073692769568 18446744073692769575
720,1,10,0,0,1 $ 18446744073692769576 18446744073692769579
721,1,2,0,0,1 $ 18446744073692769584 18446744073692769591
722,1,5,0,0,1 $ 18446744073692769592 18446744073692769595
723,1,2,0,0,1 $ 18446744073692769600 18446744073692769607
724,1,5,0,0,1 $ 18446744073692769608 18446744073692769611
725,1,2,0,0,1 $ 18446744073692769616 18446744073692769623
726,1,5,0,0,1 $ 18446744073692769632 18446744073692769635
727,1,2,0,0,1 $ 18446744073692769624 18446744073692769631
728,1,5,0,0,1 $ 18446744073692769636 18446744073692769639
729,1,2,0,0,1 $ 18446744073692769640 18446744073692769647
730,1,5,0,0,1 $ 18446744073692769664 18446744073692769667
731,1,2,0,1,0 * 68702694688 68702694691
732,1,0,0,1,0 * 68702694692 68702694695
733,1,1,0,0,1 $ 18446744073692769568 18446744073692769575
734,1,1,0,1,0 * 7268752 7268759
735,1,128,0,1,0 * 7268728 7268735
736,1,7,0,1,0 * 7268644 7268644
737,1,6,0,1,0 * 7271184 7271191
738,1,1,0,0,1 $ 18446744073692769576 18446744073692769583
739,1,1,0,0,1 $ 18446744073692769584 18446744073692769591
740,1,2,0,0,1 $ 18446744073692769568 18446744073692769575
741,1,14,0,1,0 * 68702694688 68702694691
742,1,0,0,1,0 * 68702694692 68702694695
743,1,2,0,0,1 $ 18446744073692769600 18446744073692769603
744,1,2,0,1,0 * 7268644 7268647
745,1,3,0,0,1 $ 18446744073692769584 18446744073692769591
746,1,13,0,0,1 $ 18446744073692769592 18446744073692769599
747,1,1,0,0,1 $ 18446744073692769544 18446744073692769551
748,1,3,0,0,1 $ 18446744073692769528 18446744073692769535
749,1,2,0,0,1 $ 18446744073692769520 18446744073692769527
750,1,1,0,0,1 $ 18446744073692769512 18446744073692769519
751,1,1,0,1,0 * 7297568 7297575
752,1,3,0,1,0 * 7272608 7272611
753,1,14,0,0,1 $ 18446744073692769496 18446744073692769503
754,1,4,0,0,1 $ 7297568 7297575
755,1,3,0,1,0 * 68702694616 68702694623
756,1,8,0,1,0 * 68702694632 68702694639
757,1,1,0,1,0 * 68702694640 68702694647
758,1,1,0,1,0 * 68702694648 68702694655
759,1,6,0,1,0 * 68702694664 68702694671
760,1,2,0,1,0 * 7268644 7268647
761,1,2,0,1,0 * 68702694712 68702694715
762,1,0,0,1,0 * 68702694716 68702694719
763,1,1,0,1,0 * 68702694720 68702694723
764,1,13,0,0,1 $ 7268624 7268631
765,1,1,0,0,1 $ 7270808 7270815
766,1,3,0,1,0 * 7268644 7268644
767,1,31,0,1,0 * 68702694688 68702694691
768,1,0,0,1,0 * 68702694692 68702694695
769,1,2,0,1,0 * 68702694704 68702694711
770,1,4,0,0,1 $ 18446744073692769568 18446744073692769575
771,1,1,0,0,1 $ 18446744073692769544 18446744073692769551
772,1,3,0,0,1 $ 18446744073692769528 18446744073692769535
773,1,2,0,0,1 $ 18446744073692769520 18446744073692769527
774,1,1,0,0,1 $ 18446744073692769512 18446744073692769519
775,1,1,0,1,0 * 7297568 7297575
776,1,3,0,1,0 * 7272608 7272611
777,1,14,0,0,1 $ 18446744073692769496 18446744073692769503
778,1,4,0,0,1 $ 7297568 7297575
779,1,3,0,1,0 * 68702694616 68702694623
780,1,8,0,1,0 * 68702694632 68702694639
781,1,1,0,1,0 * 68702694640 68702694647
782,1,1,0,1,0 * 68702694648 68702694655
783,1,6,0,1,0 * 68702694664 68702694671
784,1,3,0,1,0 * 68702694688 68702694691
785,1,0,0,1,0 * 68702694692 68702694695
786,1,6,0,1,0 * 7270808 7270815
787,1,2,0,0,1 $ 7268728 7268735
788,1,3,0,0,1 $ 67113416 67113423
789,1,0,0,0,1 $ 7270808 7270815
790,1,8,0,0,1 $ 7270816 7270823
791,1,1,0,1,0 * 67113416 67113423
792,1,2,0,1,0 * 68702694696 68702694699
793,1,0,0,1,0 * 68702694700 68702694703
794,1,15,0,0,1 $ 7268728 7268735
795,1,1,0,0,1 $ 67113416 67113423
796,1,1,0,0,1 $ 67113464 67113471
797,1,11,0,1,0 * 68702694840 68702694847
798,1,1,0,1,0 * 68702694848 68702694855
799,1,1,0,1,0 * 68702694856 68702694863
800,1,1,0,1,0 * 68702694864 68702694871
801,1,1,0,1,0 * 68702694872 68702694879
802,1,1,0,1,0 * 68702694880 68702694887
803,1,1,0,1,0 * 68702694888 68702694895
804,1,11,0,0,1 $ 18446744073692769800 18446744073692769807
805,1,12,0,0,1 $ 67113424 67113424
806,1,10,0,0,1 $ 67113425 67113426
807,1,10,0,0,1 $ 67113427 67113430
808,1,8,0,0,1 $ 67113431 67113438
809,1,11,0,0,1 $ 67113439 67113446
810,1,1,0,0,1 $ 67113447 67113454
811,1,11,0,1,0 * 68702694920 68702694927
812,1,2,0,0,1 $ 67113455 67113455
813,1,1,0,1,0 * 68702699024 68702699031
814,1,1,0,1,0 * 68702699032 68702699039
815,1,1,0,1,0 * 68702699040 68702699047
816,1,1,0,1,0 * 68702699048 68702699055
817,1,2,0,0,1 $ 7272248 7272255
818,1,0,0,1,0 * 7300752 7300759
819,1,0,0,0,1 $ 7272096 7272103
820,1,0,0,1,0 * 7300808 7300815
821,1,0,0,0,1 $ 7272112 7272113
822,1,8,0,0,1 $ 7300696 7300703
823,1,1,0,0,1 $ 18446744073692773928 18446744073692773935
824,1,2,0,0,1 $ 18446744073692773920 18446744073692773927
825,1,1,0,0,1 $ 18446744073692773912 18446744073692773919
826,1,1,0,0,1 $ 18446744073692773904 18446744073692773911
827,1,1,0,0,1 $ 18446744073692773896 18446744073692773903
828,1,1,0,0,1 $ 18446744073692773888 18446744073692773895
829,1,1,0,0,1 $ 18446744073692773880 18446744073692773887
830,1,2,0,0,1 $ 18446744073692773864 18446744073692773871
831,1,22,0,1,0 * 68702698984 68702698991
832,1,2,0,1,0 * 7293592 7293599
833,1,704,0,0,1 $ 18446744073692773864 18446744073692773871
834,1,111,0,1,0 * 68702698984 68702698991
835,1,13,0,1,0 * 68702699000 68702699007
836,1,1,0,1,0 * 68702699008 68702699015
837,1,1,0,1,0 * 68702699016 68702699023
838,1,1,0,1,0 * 68702699024 68702699031
839,1,1,0,1,0 * 68702699032 68702699039
840,1,1,0,1,0 * 68702699040 68702699047
841,1,1,0,1,0 * 68702699048 68702699055
842,1,12,0,1,0 * 7300784 7300791
843,1,1,0,0,1 $ 7300800 7300803
844,1,4,0,0,1 $ 18446744073692773928 18446744073692773935
845,1,2,0,0,1 $ 18446744073692773920 18446744073692773927
846,1,1,0,0,1 $ 18446744073692773912 18446744073692773919
847,1,1,0,0,1 $ 18446744073692773904 18446744073692773911
848,1,1,0,0,1 $ 18446744073692773896 18446744073692773903
849,1,1,0,0,1 $ 18446744073692773888 18446744073692773895
850,1,1,0,0,1 $ 18446744073692773880 18446744073692773887
851,1,2,0,0,1 $ 18446744073692773864 18446744073692773871
852,1,22,0,1,0 * 68702698984 68702698991
853,1,2,0,1,0 * 7293592 7293599
854,1,704,0,0,1 $ 18446744073692773864 18446744073692773871
855,1,59,0,1,0 * 68702698984 68702698991
856,1,13,0,1,0 * 68702699000 68702699007
857,1,1,0,1,0 * 68702699008 68702699015
858,1,1,0,1,0 * 68702699016 68702699023
859,1,1,0,1,0 * 68702699024 68702699031
860,1,1,0,1,0 * 68702699032 68702699039
861,1,1,0,1,0 * 68702699040 68702699047
862,1,1,0,1,0 * 68702699048 68702699055
863,1,3,0,0,1 $ 18446744073692773928 18446744073692773935
864,1,2,0,0,1 $ 18446744073692773920 18446744073692773927
865,1,1,0,0,1 $ 18446744073692773912 18446744073692773919
866,1,1,0,0,1 $ 18446744073692773904 18446744073692773911
867,1,1,0,0,1 $ 18446744073692773896 18446744073692773903
868,1,1,0,0,1 $ 18446744073692773888 18446744073692773895
869,1,1,0,0,1 $ 18446744073692773880 18446744073692773887
870,1,2,0,0,1 $ 18446744073692773816 18446744073692773823
871,1,2,0,0,1 $ 18446744073692773808 18446744073692773815
872,1,1,0,0,1 $ 18446744073692773800 18446744073692773807
873,1,1,0,0,1 $ 18446744073692773792 18446744073692773799
874,1,1,0,0,1 $ 18446744073692773784 18446744073692773791
875,1,1,0,0,1 $ 18446744073692773776 18446744073692773783
876,1,1,0,0,1 $ 18446744073692773768 18446744073692773775
877,1,5,0,1,0 * 7296624 7296631
878,1,2,0,0,1 $ 18446744073692773696 18446744073692773703
879,1,1,0,0,1 $ 18446744073692773688 18446744073692773695
880,1,1,0,0,1 $ 18446744073692773736 18446744073692773743
881,1,3,0,0,1 $ 18446744073692773712 18446744073692773719
882,1,1,0,0,1 $ 18446744073692773704 18446744073692773704
883,1,4,0,0,1 $ 18446744073692773744 18446744073692773751
884,1,4,0,0,1 $ 18446744073692773640 18446744073692773647
885,1,7,0,0,1 $ 67110992 67110995
886,1,0,0,1,0 * 68702698760 68702698767
887,1,21,0,1,0 * 68702698824 68702698824
888,1,7,0,0,1 $ 18446744073692773616 18446744073692773623
889,1,1,0,0,1 $ 18446744073692773624 18446744073692773631
890,1,7,0,1,0 * 68702698744 68702698751
891,1,1,0,1,0 * 68702698856 68702698863
892,1,1,0,0,1 $ 7266232 7266239
893,1,2,0,0,1 $ 18446744073692773608 18446744073692773615
894,1,2,0,0,1 $ 18446744073692773568 18446744073692773575
895,1,1,0,0,1 $ 18446744073692773560 18446744073692773567
896,1,1,0,0,1 $ 18446744073692773552 18446744073692773559
897,1,1,0,0,1 $ 18446744073692773544 18446744073692773551
898,1,1,0,0,1 $ 18446744073692773536 18446744073692773543
899,1,1,0,0,1 $ 18446744073692773528 18446744073692773535
900,1,2,0,0,1 $ 18446744073692773368 18446744073692773375
901,1,8,0,1,0 * 7293504 7293511
902,1,42,0,1,0 * 7268784 7268791
903,1,6,0,0,1 $ 18446744073692773376 18446744073692773383
904,1,10,0,0,1 $ 18446744073692773384 18446744073692773387
905,1,2,0,0,1 $ 18446744073692773392 18446744073692773399
906,1,5,0,0,1 $ 18446744073692773400 18446744073692773403
907,1,2,0,0,1 $ 18446744073692773408 18446744073692773415
908,1,5,0,0,1 $ 18446744073692773416 18446744073692773419
909,1,2,0,0,1 $ 18446744073692773424 18446744073692773431
910,1,5,0,0,1 $ 18446744073692773440 18446744073692773443
911,1,2,0,0,1 $ 18446744073692773432 18446744073692773439
912,1,5,0,0,1 $ 18446744073692773444 18446744073692773447
913,1,2,0,0,1 $ 18446744073692773448 18446744073692773455
914,1,5,0,0,1 $ 18446744073692773472 18446744073692773475
915,1,2,0,1,0 * 68702698496 68702698503
916,1,1,0,0,1 $ 18446744073692773376 18446744073692773383
917,1,1,0,1,0 * 7268752 7268759
918,1,128,0,1,0 * 7268728 7268735
919,1,2,0,1,0 * 67113464 67113471
920,1,15,0,0,1 $ 7268728 7268735
921,1,1,0,0,1 $ 67113464 67113471
922,1,1,0,0,1 $ 67113512 67113519
923,1,9,0,1,0 * 68702698648 68702698655
924,1,1,0,1,0 * 68702698656 68702698663
925,1,1,0,1,0 * 68702698664 68702698671
926,1,1,0,1,0 * 68702698672 68702698679
927,1,1,0,1,0 * 68702698680 68702698687
928,1,1,0,1,0 * 68702698688 68702698695
929,1,1,0,1,0 * 68702698696 68702698703
930,1,6,0,1,0 * 68702698856 68702698863
931,1,2,0,0,1 $ 67113480 67113487
932,1,0,0,1,0 * 68702698736 68702698743
933,1,0,0,0,1 $ 67113472 67113479
934,1,0,0,1,0 * 7266232 7266239
935,1,1,0,0,1 $ 67113496 67113503
936,1,4,0,0,1 $ 67113488 67113495
937,1,1,0,0,1 $ 18446744073692773608 18446744073692773615
938,1,12,0,0,1 $ 67113504 67113504
939,1,10,0,0,1 $ 67113505 67113506
940,1,22,0,1,0 * 68702698728 68702698735
941,1,3,0,1,0 * 68702698832 68702698839
942,1,0,0,0,1 $ 67113507 67113507
943,1,0,0,0,1 $ 7266232 7266239
944,1,1,0,1,0 * 67113480 67113487
945,1,0,0,0,1 $ 7266224 7266231
946,1,1,0,1,0 * 68702698888 68702698895
947,1,1,0,1,0 * 68702698896 68702698903
948,1,1,0,1,0 * 68702698904 68702698911
949,1,1,0,1,0 * 68702698912 68702698919
950,1,1,0,1,0 * 68702698920 68702698927
951,1,1,0,1,0 * 68702698928 68702698935
952,1,1,0,1,0 * 68702698936 68702698943
953,1,2,0,0,1 $ 7266240 7266247
954,1,1,0,0,1 $ 18446744073692773816 18446744073692773823
955,1,2,0,0,1 $ 18446744073692773776 18446744073692773783
956,1,1,0,0,1 $ 18446744073692773768 18446744073692773775
957,1,1,0,0,1 $ 18446744073692773760 18446744073692773767
958,1,1,0,0,1 $ 18446744073692773752 18446744073692773759
959,1,1,0,0,1 $ 18446744073692773744 18446744073692773751
960,1,1,0,0,1 $ 18446744073692773736 18446744073692773743
961,1,2,0,0,1 $ 18446744073692773576 18446744073692773583
962,1,8,0,1,0 * 7293504 7293511
963,1,42,0,1,0 * 7268784 7268791
964,1,6,0,0,1 $ 18446744073692773584 18446744073692773591
965,1,10,0,0,1 $ 18446744073692773592 18446744073692773595
966,1,2,0,0,1 $ 18446744073692773600 18446744073692773607
967,1,5,0,0,1 $ 18446744073692773608 18446744073692773611
968,1,2,0,0,1 $ 18446744073692773616 18446744073692773623
969,1,5,0,0,1 $ 18446744073692773624 18446744073692773627
970,1,2,0,0,1 $ 18446744073692773632 18446744073692773639
971,1,5,0,0,1 $ 18446744073692773648 18446744073692773651
972,1,2,0,0,1 $ 18446744073692773640 18446744073692773647
973,1,5,0,0,1 $ 18446744073692773652 18446744073692773655
974,1,2,0,0,1 $ 18446744073692773656 18446744073692773663
975,1,5,0,0,1 $ 18446744073692773680 18446744073692773683
976,1,2,0,1,0 * 68702698704 68702698711
977,1,1,0,0,1 $ 18446744073692773584 18446744073692773591
978,1,1,0,1,0 * 7268752 7268759
979,1,128,0,1,0 * 7268728 7268735
980,1,2,0,1,0 * 67113512 67113519
981,1,15,0,0,1 $ 7268728 7268735
982,1,1,0,0,1 $ 67113512 67113519
983,1,1,0,0,1 $ 67113560 67113567
984,1,9,0,1,0 * 68702698856 68702698863
985,1,1,0,1,0 * 68702698864 68702698871
986,1,1,0,1,0 * 68702698872 68702698879
987,1,1,0,1,0 * 68702698880 68702698887
988,1,1,0,1,0 * 68702698888 68702698895
989,1,1,0,1,0 * 68702698896 68702698903
990,1,1,0,1,0 * 68702698904 68702698911
991,1,2,0,0,1 $ 7266208 7266215
992,1,3,0,1,0 * 7266232 7266239
993,1,2,0,0,1 $ 18446744073692773864 18446744073692773871
994,1,2,0,0,1 $ 18446744073692773848 18446744073692773855
995,1,6,0,0,1 $ 18446744073692773816 18446744073692773823
996,1,2,0,0,1 $ 18446744073692773776 18446744073692773783
997,1,1,0,0,1 $ 18446744073692773768 18446744073692773775
998,1,1,0,0,1 $ 18446744073692773760 18446744073692773767
999,1,1,0,0,1 $ 18446744073692773752 18446744073692773759
1000,1,1,0,0,1 $ 18446744073692773744 18446744073692773751
1001,1,1,0,0,1 $ 18446744073692773736 18446744073692773743
1002,1,2,0,0,1 $ 18446744073692773576 18446744073692773583
1003,1,8,0,1,0 * 7293504 7293511
1004,1,18,0,1,0 * 7268644 7268644
1005,1,9,0,0,1 $ 18446744073692773584 18446744073692773591
1006,1,10,0,0,1 $ 18446744073692773592 18446744073692773595
1007,1,2,0,0,1 $ 18446744073692773600 18446744073692773607
1008,1,5,0,0,1 $ 18446744073692773608 18446744073692773611
1009,1,2,0,0,1 $ 18446744073692773616 18446744073692773623
1010,1,5,0,0,1 $ 18446744073692773624 18446744073692773627
1011,1,2,0,0,1 $ 18446744073692773632 18446744073692773639
1012,1,5,0,0,1 $ 18446744073692773648 18446744073692773651
1013,1,2,0,0,1 $ 18446744073692773640 18446744073692773647
1014,1,5,0,0,1 $ 18446744073692773652 18446744073692773655
1015,1,2,0,0,1 $ 18446744073692773656 18446744073692773663
1016,1,5,0,0,1 $ 18446744073692773680 18446744073692773683
1017,1,2,0,1,0 * 68702698704 68702698711
1018,1,1,0,0,1 $ 18446744073692773584 18446744073692773591
1019,1,1,0,1,0 * 7268752 7268759
1020,1,14,0,1,0 * 7270344 7270351
1021,1,63,0,1,0 * 7268728 7268735
1022,1,2,0,1,0 * 67113560 67113567
1023,1,15,0,0,1 $ 7268728 7268735
1024,1,1,0,0,1 $ 67113560 67113567
1025,1,1,0,0,1 $ 67118856 67118863
1026,1,9,0,1,0 * 68702698856 68702698863
1027,1,1,0,1,0 * 68702698864 68702698871
1028,1,1,0,1,0 * 68702698872 68702698879
1029,1,1,0,1,0 * 68702698880 68702698887
1030,1,1,0,1,0 * 68702698888 68702698895
1031,1,1,0,1,0 * 68702698896 68702698903
1032,1,1,0,1,0 * 68702698904 68702698911
1033,1,2,0,0,1 $ 67113520 67113527
1034,1,1,0,1,0 * 68702698984 68702698991
1035,1,5,0,0,1 $ 7266216 7266219
1036,1,0,0,0,1 $ 7300832 7300839
1037,1,2,0,0,1 $ 67113576 67113583
1038,1,1,0,0,1 $ 67113584 67113591
1039,1,2,0,0,1 $ 67113592 67113599
1040,1,1,0,0,1 $ 67113600 67113607
1041,1,1,0,0,1 $ 18446744073692773840 18446744073692773847
1042,1,5,0,1,0 * 68702698968 68702698975
1043,1,3,0,0,1 $ 18446744073692773856 18446744073692773863
1044,1,1,0,0,1 $ 18446744073692773864 18446744073692773871
1045,1,1,0,0,1 $ 18446744073692773816 18446744073692773823
1046,1,17,0,0,1 $ 67113608 67113615
1047,1,2,0,0,1 $ 67113608 67113615
1048,1,0,0,1,0 * 68702698936 68702698943
1049,1,3,0,1,0 * 68702698984 68702698991
1050,1,1,0,1,0 * 68702698976 68702698979
1051,1,0,0,1,0 * 68702698980 68702698983
1052,1,6,0,1,0 * 68702698960 68702698967
1053,1,1,0,0,1 $ 67113568 67113575
1054,1,0,0,0,1 $ 67113528 67113535
1055,1,1,0,0,1 $ 67113656 67113663
1056,1,1,0,0,1 $ 67113664 67113671
1057,1,1,0,0,1 $ 67113680 67113687
1058,1,1,0,0,1 $ 67113672 67113679
1059,1,11,0,1,0 * 68702698968 68702698975
1060,1,3,0,0,1 $ 18446744073692773856 18446744073692773863
1061,1,1,0,0,1 $ 18446744073692773864 18446744073692773871
1062,1,1,0,0,1 $ 18446744073692773816 18446744073692773823
1063,1,17,0,0,1 $ 67113688 67113695
1064,1,2,0,0,1 $ 67113688 67113695
1065,1,0,0,1,0 * 68702698936 68702698943
1066,1,3,0,1,0 * 68702698984 68702698991
1067,1,1,0,1,0 * 68702698976 68702698979
1068,1,0,0,1,0 * 68702698980 68702698983
1069,1,6,0,1,0 * 68702698960 68702698967
1070,1,1,0,0,1 $ 67113648 67113655
1071,1,0,0,0,1 $ 67113536 67113543
1072,1,1,0,0,1 $ 67113736 67113743
1073,1,1,0,0,1 $ 67113744 67113751
1074,1,1,0,0,1 $ 67113760 67113767
1075,1,1,0,0,1 $ 67113752 67113759
1076,1,11,0,1,0 * 68702698968 68702698975
1077,1,3,0,0,1 $ 18446744073692773856 18446744073692773863
1078,1,1,0,0,1 $ 18446744073692773864 18446744073692773871
1079,1,1,0,0,1 $ 18446744073692773816 18446744073692773823
1080,1,17,0,0,1 $ 67113768 67113775
1081,1,2,0,0,1 $ 67113768 67113775
1082,1,0,0,1,0 * 68702698936 68702698943
1083,1,3,0,1,0 * 68702698984 68702698991
1084,1,1,0,1,0 * 68702698976 68702698979
1085,1,0,0,1,0 * 68702698980 68702698983
1086,1,6,0,1,0 * 68702698960 68702698967
1087,1,1,0,0,1 $ 67113728 67113735
1088,1,0,0,0,1 $ 67113544 67113551
1089,1,1,0,0,1 $ 67113816 67113823
1090,1,1,0,0,1 $ 67113824 67113831
1091,1,1,0,0,1 $ 67113840 67113847
1092,1,1,0,0,1 $ 67113832 67113839
1093,1,11,0,1,0 * 68702698968 68702698975
1094,1,3,0,0,1 $ 18446744073692773856 18446744073692773863
1095,1,1,0,0,1 $ 18446744073692773864 18446744073692773871
1096,1,1,0,0,1 $ 18446744073692773816 18446744073692773823
1097,1,17,0,0,1 $ 67113848 67113855
1098,1,2,0,0,1 $ 67113848 67113855
1099,1,0,0,1,0 * 68702698936 68702698943
1100,1,3,0,1,0 * 68702698984 68702698991
1101,1,1,0,1,0 * 68702698976 68702698979
1102,1,0,0,1,0 * 68702698980 68702698983
1103,1,3,0,0,1 $ 67113808 67113815
1104,1,0,0,0,1 $ 7297584 7297591
1105,1,1,0,0,1 $ 67113552 67113559
1106,1,3,0,0,1 $ 7266256 7266263
1107,1,1,0,1,0 * 68702699000 68702699007
1108,1,1,0,1,0 * 68702699008 68702699015
1109,1,1,0,1,0 * 68702699016 68702699023
1110,1,1,0,1,0 * 68702699024 68702699031
1111,1,1,0,1,0 * 68702699032 68702699039
1112,1,1,0,1,0 * 68702699040 68702699047
1113,1,1,0,1,0 * 68702699048 68702699055
1114,1,2,0,1,0 * 7300832 7300839
1115,1,0,0,0,1 $ 7300792 7300799
1116,1,1,0,0,1 $ 18446744073692773928 18446744073692773935
1117,1,2,0,0,1 $ 18446744073692773920 18446744073692773927
1118,1,1,0,0,1 $ 18446744073692773912 18446744073692773919
1119,1,1,0,0,1 $ 18446744073692773904 18446744073692773911
1120,1,1,0,0,1 $ 18446744073692773896 18446744073692773903
1121,1,1,0,0,1 $ 18446744073692773888 18446744073692773895
1122,1,1,0,0,1 $ 18446744073692773880 18446744073692773887
1123,1,2,0,0,1 $ 18446744073692773864 18446744073692773871
1124,1,22,0,1,0 * 68702698984 68702698991
1125,1,2,0,1,0 * 7293592 7293599
1126,1,704,0,0,1 $ 18446744073692773864 18446744073692773871
1127,1,59,0,1,0 * 68702698984 68702698991
1128,1,13,0,1,0 * 68702699000 68702699007
1129,1,1,0,1,0 * 68702699008 68702699015
1130,1,1,0,1,0 * 68702699016 68702699023
1131,1,1,0,1,0 * 68702699024 68702699031
1132,1,1,0,1,0 * 68702699032 68702699039
1133,1,1,0,1,0 * 68702699040 68702699047
1134,1,1,0,1,0 * 68702699048 68702699055
1135,1,15,0,0,1 $ 7300728 7300731
1136,1,1,0,0,1 $ 18446744073692773928 18446744073692773935
1137,1,2,0,0,1 $ 18446744073692773920 18446744073692773927
1138,1,1,0,0,1 $ 18446744073692773912 18446744073692773919
1139,1,1,0,0,1 $ 18446744073692773904 18446744073692773911
1140,1,1,0,0,1 $ 18446744073692773896 18446744073692773903
1141,1,1,0,0,1 $ 18446744073692773888 18446744073692773895
1142,1,1,0,0,1 $ 18446744073692773880 18446744073692773887
1143,1,2,0,0,1 $ 18446744073692773864 18446744073692773871
1144,1,22,0,1,0 * 68702698984 68702698991
1145,1,2,0,1,0 * 7293592 7293599
1146,1,704,0,0,1 $ 18446744073692773864 18446744073692773871
1147,1,111,0,1,0 * 68702698984 68702698991
1148,1,13,0,1,0 * 68702699000 68702699007
1149,1,1,0,1,0 * 68702699008 68702699015
1150,1,1,0,1,0 * 68702699016 68702699023
1151,1,1,0,1,0 * 68702699024 68702699031
1152,1,1,0,1,0 * 68702699032 68702699039
1153,1,1,0,1,0 * 68702699040 68702699047
1154,1,1,0,1,0 * 68702699048 68702699055
1155,1,15,0,0,1 $ 7300704 7300707
1156,1,1,0,0,1 $ 18446744073692773928 18446744073692773935
1157,1,2,0,0,1 $ 18446744073692773920 18446744073692773927
1158,1,1,0,0,1 $ 18446744073692773912 18446744073692773919
1159,1,1,0,0,1 $ 18446744073692773904 18446744073692773911
1160,1,1,0,0,1 $ 18446744073692773896 18446744073692773903
1161,1,1,0,0,1 $ 18446744073692773888 18446744073692773895
1162,1,1,0,0,1 $ 18446744073692773880 18446744073692773887
1163,1,2,0,0,1 $ 18446744073692773864 18446744073692773871
1164,1,22,0,1,0 * 68702698984 68702698991
1165,1,2,0,1,0 * 7293592 7293599
1166,1,704,0,0,1 $ 18446744073692773864 18446744073692773871
1167,1,105,0,1,0 * 68702698984 68702698991
1168,1,13,0,1,0 * 68702699000 68702699007
1169,1,1,0,1,0 * 68702699008 68702699015
1170,1,1,0,1,0 * 68702699016 68702699023
1171,1,1,0,1,0 * 68702699024 68702699031
1172,1,1,0,1,0 * 68702699032 68702699039
1173,1,1,0,1,0 * 68702699040 68702699047
1174,1,1,0,1,0 * 68702699048 68702699055
1175,1,15,0,0,1 $ 7300780 7300783
1176,1,1,0,0,1 $ 18446744073692773928 18446744073692773935
1177,1,2,0,0,1 $ 18446744073692773920 18446744073692773927
1178,1,1,0,0,1 $ 18446744073692773912 18446744073692773919
1179,1,1,0,0,1 $ 18446744073692773904 18446744073692773911
1180,1,1,0,0,1 $ 18446744073692773896 18446744073692773903
1181,1,1,0,0,1 $ 18446744073692773888 18446744073692773895
1182,1,1,0,0,1 $ 18446744073692773880 18446744073692773887
1183,1,2,0,0,1 $ 18446744073692773864 18446744073692773871
1184,1,41,0,1,0 * 68702698984 68702698991
1185,1,2,0,1,0 * 7293592 7293599
1186,1,704,0,0,1 $ 18446744073692773864 18446744073692773871
1187,1,59,0,1,0 * 68702698984 68702698991
1188,1,13,0,1,0 * 68702699000 68702699007
1189,1,1,0,1,0 * 68702699008 68702699015
1190,1,1,0,1,0 * 68702699016 68702699023
1191,1,1,0,1,0 * 68702699024 68702699031
1192,1,1,0,1,0 * 68702699032 68702699039
1193,1,1,0,1,0 * 68702699040 68702699047
1194,1,1,0,1,0 * 68702699048 68702699055
1195,1,2,0,0,1 $ 7300656 7300663
1196,1,3,0,1,0 * 7266200 7266203
1197,1,18,0,0,1 $ 7300656 7300663
1198,1,12,0,0,1 $ 18446744073692773928 18446744073692773935
1199,1,2,0,0,1 $ 18446744073692773920 18446744073692773927
1200,1,1,0,0,1 $ 18446744073692773912 18446744073692773919
1201,1,1,0,0,1 $ 18446744073692773904 18446744073692773911
1202,1,1,0,0,1 $ 18446744073692773896 18446744073692773903
1203,1,1,0,0,1 $ 18446744073692773888 18446744073692773895
1204,1,1,0,0,1 $ 18446744073692773880 18446744073692773887
1205,1,2,0,0,1 $ 18446744073692773864 18446744073692773871
1206,1,41,0,1,0 * 68702698984 68702698991
1207,1,2,0,1,0 * 7293592 7293599
1208,1,704,0,0,1 $ 18446744073692773864 18446744073692773871
1209,1,105,0,1,0 * 68702698984 68702698991
1210,1,13,0,1,0 * 68702699000 68702699007
1211,1,1,0,1,0 * 68702699008 68702699015
1212,1,1,0,1,0 * 68702699016 68702699023
1213,1,1,0,1,0 * 68702699024 68702699031
1214,1,1,0,1,0 * 68702699032 68702699039
1215,1,1,0,1,0 * 68702699040 68702699047
1216,1,1,0,1,0 * 68702699048 68702699055
1217,1,8,0,1,0 * 7300752 7300759
1218,1,3,0,1,0 * 7300808 7300815
1219,1,61,0,0,1 $ 7271152 7271155
1220,1,1,0,1,0 * 68702699080 68702699087
1221,1,1,0,1,0 * 68702699088 68702699095
1222,1,1,0,1,0 * 68702699096 68702699103
1223,1,1,0,1,0 * 68702699104 68702699111
1224,1,1,0,1,0 * 68702699112 68702699119
1225,1,5,0,0,1 $ 18446744073692773992 18446744073692773999
1226,1,2,0,0,1 $ 18446744073692773984 18446744073692773991
1227,1,1,0,0,1 $ 18446744073692773976 18446744073692773983
1228,1,8,0,0,1 $ 18446744073692773960 18446744073692773967
1229,1,30,0,1,0 * 68702699080 68702699087
1230,1,6,0,0,1 $ 7271016 7271023
1231,1,0,0,0,1 $ 7271024 7271031
1232,1,1,0,1,0 * 68702699096 68702699103
1233,1,1,0,1,0 * 68702699104 68702699111
1234,1,1,0,1,0 * 68702699112 68702699119
1235,1,2,0,1,0 * 68702699120 68702699127
1236,1,1,0,1,0 * 68702699128 68702699135
1237,1,1,0,1,0 * 68702699136 68702699143
1238,1,2,0,1,0 * 67110960 67110967
1239,1,3,0,0,1 $ 67111016 67111023
1240,1,3,0,0,1 $ 67111000 67111007
1241,1,3,0,0,1 $ 67111008 67111015
1242,1,0,0,1,0 * 68702699144 68702699151
1243,1,6,0,0,1 $ 18446744073692774024 18446744073692774031
1244,1,2,0,0,1 $ 18446744073692774016 18446744073692774023
1245,1,1,0,0,1 $ 18446744073692774008 18446744073692774015
1246,1,1,0,0,1 $ 18446744073692774000 18446744073692774007
1247,1,1,0,0,1 $ 18446744073692773992 18446744073692773999
1248,1,2,0,0,1 $ 18446744073692773984 18446744073692773991
1249,1,1,0,0,1 $ 18446744073692773976 18446744073692773983
1250,1,17,0,0,1 $ 7293040 7293043
1251,1,13,0,0,1 $ 7292008 7292015
1252,1,5,0,0,1 $ 7292008 7292015
1253,1,0,0,0,1 $ 7292016 7292023
1254,1,1,0,0,1 $ 7300592 7300599
1255,1,6,0,1,0 * 7293040 7293043
1256,1,1,0,0,1 $ 7293040 7293043
1257,1,6,0,1,0 * 68702699096 68702699103
1258,1,1,0,1,0 * 68702699104 68702699111
1259,1,1,0,1,0 * 68702699112 68702699119
1260,1,6,0,0,1 $ 7292032 7292039
1261,1,1,0,0,1 $ 7292040 7292047
1262,1,1,0,1,0 * 67111088 67111095
1263,1,5,0,0,1 $ 7292024 7292031
1264,1,0,0,0,1 $ 7292016 7292023
1265,1,0,0,1,0 * 68702699120 68702699127
1266,1,1,0,1,0 * 68702699128 68702699135
1267,1,1,0,1,0 * 68702699136 68702699143
1268,1,1,0,1,0 * 68702699144 68702699151
1269,1,2,0,1,0 * 7266200 7266203
1270,1,10,0,1,0 * 7293592 7293599
1271,1,1,0,1,0 * 68702699168 68702699175
1272,1,1,0,1,0 * 68702699164 68702699167
1273,1,2,0,0,1 $ 18446744073692774024 18446744073692774031
1274,1,2,0,0,1 $ 18446744073692774016 18446744073692774023
1275,1,1,0,0,1 $ 18446744073692774008 18446744073692774015
1276,1,1,0,0,1 $ 18446744073692774000 18446744073692774007
1277,1,1,0,0,1 $ 18446744073692773992 18446744073692773999
1278,1,3,0,0,1 $ 18446744073692773984 18446744073692773991
1279,1,8,0,0,1 $ 18446744073692773976 18446744073692773983
1280,1,3,0,0,1 $ 18446744073692773960 18446744073692773967
1281,1,1,0,1,0 * 7299264 7299267
1282,1,7,0,1,0 * 68702699080 68702699087
1283,1,3,0,1,0 * 7299292 7299295
1284,1,10,0,0,1 $ 7299332 7299335
1285,1,1,0,1,0 * 68702699096 68702699103
1286,1,7,0,0,1 $ 18446744073692773976 18446744073692773983
1287,1,6,0,0,1 $ 18446744073692773960 18446744073692773967
1288,1,2,0,0,1 $ 18446744073692773952 18446744073692773959
1289,1,4,0,0,1 $ 18446744073692773944 18446744073692773951
1290,1,2,0,0,1 $ 18446744073692773936 18446744073692773943
1291,1,11,0,0,1 $ 7273824 7273831
1292,1,0,0,0,1 $ 7273792 7273799
1293,1,1,0,0,1 $ 7273800 7273807
1294,1,1,0,0,1 $ 7273808 7273815
1295,1,1,0,0,1 $ 7273816 7273823
1296,1,1,0,0,1 $ 7273824 7273825
1297,1,4,0,0,1 $ 18446744073692773928 18446744073692773935
1298,1,2,0,0,1 $ 18446744073692773920 18446744073692773927
1299,1,1,0,0,1 $ 18446744073692773912 18446744073692773919
1300,1,1,0,0,1 $ 18446744073692773904 18446744073692773911
1301,1,1,0,0,1 $ 18446744073692773896 18446744073692773903
1302,1,2,0,0,1 $ 18446744073692773784 18446744073692773791
1303,1,2,0,0,1 $ 18446744073692773864 18446744073692773871
1304,1,1,0,0,1 $ 18446744073692773848 18446744073692773855
1305,1,1,0,1,0 * 68702698968 68702698975
1306,1,1,0,1,0 * 68702698984 68702698991
1307,1,0,0,0,1 $ 18446744073692773872 18446744073692773879
1308,1,1,0,0,1 $ 18446744073692773792 18446744073692773799
1309,1,1,0,0,1 $ 18446744073692773800 18446744073692773807
1310,1,1,0,0,1 $ 18446744073692773808 18446744073692773815
1311,1,1,0,1,0 * 68702698904 68702698911
1312,1,1,0,0,1 $ 18446744073692773816 18446744073692773823
1313,1,1,0,0,1 $ 18446744073692773824 18446744073692773831
1314,1,1,0,0,1 $ 18446744073692773832 18446744073692773839
1315,1,2,0,0,1 $ 18446744073692773772 18446744073692773775
1316,1,1,0,1,0 * 68702698892 68702698895
1317,1,1,0,0,0
1318,1,pth_ty: 1 ^ 7298336
1319,1,92,0,0,1 $ 18446744073692773848 18446744073692773855
1320,1,1,0,1,0 * 68702699004 68702699007
1321,1,2,0,1,0 * 68702699016 68702699023
1322,1,1,0,1,0 * 68702699024 68702699031
1323,1,1,0,1,0 * 68702699032 68702699039
1324,1,0,0,1,0 * 68702699040 68702699047
1325,1,1,0,1,0 * 68702699048 68702699055
1326,1,3,0,0,1 $ 7273832 7273839