0,2,8,0,0,0
1,2 # 1 6367027 87170672 87170679
2,2,1,0,0,0
3,2 # 1 6367026 87170680 87170687
4,2,2,0,0,1 $ 87170680 87170687
5,2,2,0,0,1 $ 87170672 87170679
6,2,2,0,0,1 $ 87170536 87170543
7,2,9,0,0,1 $ 87174432 87174439
8,2,2,0,0,1 $ 87172768 87172775
9,2,1,0,0,1 $ 87170520 87170527
10,2,2,0,0,0
11,2 # 1 6366938 87172784 87172791
12,2,3,0,0,1 $ 87172840 87172847
13,2,3,0,0,1 $ 87172824 87172831
14,2,3,0,0,1 $ 87172832 87172839
15,2,0,0,1,0 * 87170520 87170527
16,2,3,0,0,0
17,2 # 1 6366748 87174428 87174431
18,2,0,0,0,1 $ 87174428 87174431
19,2,10,0,1,0 * 87170536 87170543
20,2,2,0,0,0
21,2 # 1 6367018 87174420 87174420
22,2,8,0,0,1 $ 87170616 87170623
23,2,1,0,0,1 $ 87170624 87170631
24,2,1,0,0,1 $ 87170520 87170527
25,2,1,0,0,1 $ 87170544 87170551
26,2,1,0,0,0
27,2 # 1 6367009 87172912 87172919
28,2,5,0,0,1 $ 87170552 87170559
29,2,1,0,0,1 $ 87170560 87170567
30,2,1,0,0,1 $ 87170568 87170575
31,2,1,0,0,1 $ 87170576 87170583
32,2,1,0,0,1 $ 87170584 87170591
33,2,2,0,0,0
34,2 # 1 6367009 87172912 87172919
35,2,5,0,0,1 $ 87170592 87170599
36,2,0,0,1,0 * 87170520 87170527
37,2,1,0,0,0
38,2 # 1 6367009 87172912 87172919
39,2,5,0,0,1 $ 87170600 87170607
40,2,3,0,0,1 $ 87170512 87170519
41,2,6,0,0,1 $ 87170608 87170611
42,2,0,0,1,0 * 87170512 87170519
43,2,1,0,1,0 * 87170520 87170527
44,2,10,0,0,1 $ 87173632 87173639
45,2,1,0,1,0 * 87170536 87170543
46,2,1,0,0,0
47,2 # 1 6367017 87174419 87174419
48,2,7,0,0,0
49,2 # 1 6366997 87174472 87174479
50,2,1,0,0,0
51,2 # 1 6366995 87174464 87174471
52,2,1,0,0,1 $ 87170520 87170527
53,2,2,0,0,1 $ 87170512 87170519
54,2,1,0,0,1 $ 87170504 87170511
55,2,1,0,0,1 $ 87170496 87170503
56,2,1,0,0,1 $ 87170488 87170495
57,2,1,0,0,1 $ 87170480 87170487
58,2,1,0,0,1 $ 87170472 87170479
59,2,1,0,0,0
60,2 # 1 1914 7298888 7298895
61,2,1,0,0,1 $ 87170456 87170463
62,2,2,0,0,1 $ 87170360 87170367
63,2,2,0,0,1 $ 87170352 87170359
64,2,1,0,0,1 $ 87170344 87170351
65,2,1,0,0,1 $ 87170336 87170343
66,2,1,0,0,1 $ 87170328 87170335
67,2,2,0,0,1 $ 87170216 87170223
68,2,2,0,0,1 $ 87170296 87170303
69,2,1,0,0,1 $ 87170280 87170287
70,2,1,0,1,0 * 87170280 87170287
71,2,1,0,1,0 * 87170296 87170303
72,2,0,0,0,1 $ 87170304 87170311
73,2,1,0,0,1 $ 87170224 87170231
74,2,1,0,0,1 $ 87170232 87170239
75,2,1,0,0,1 $ 87170240 87170247
76,2,1,0,1,0 * 87170216 87170223
77,2,1,0,0,1 $ 87170248 87170255
78,2,1,0,0,1 $ 87170256 87170263
79,2,1,0,0,1 $ 87170264 87170271
80,2,2,0,0,1 $ 87170204 87170207
81,2,1,0,1,0 * 87170204 87170207
82,2,1,0,0,0
83,2,pth_ty: 1 ^ 67121160
84,2,92,0,0,1 $ 87170280 87170287
85,2,3,0,1,0 * 87170328 87170335
86,2,1,0,1,0 * 87170336 87170343
87,2,1,0,1,0 * 87170344 87170351
88,2,0,0,1,0 * 87170352 87170359
89,2,1,0,1,0 * 87170360 87170367